{
  "schema_version": 2,
  "scene_name": "apt_0",
  "source_path": "../../ReplicaCAD/configs/scenes/apt_0.scene_instance.json",
  "models": [
    "../../ReplicaCAD/stages/frl_apartment_stage.glb",
    "../../ReplicaCAD/objects/frl_apartment_basket.glb",
    "../../ReplicaCAD/objects/frl_apartment_bike_01.glb",
    "../../ReplicaCAD/objects/frl_apartment_bin_01.glb",
    "../../ReplicaCAD/objects/frl_apartment_bin_02.glb",
    "../../ReplicaCAD/objects/frl_apartment_bin_03.glb",
    "../../ReplicaCAD/objects/frl_apartment_wall_cabinet_01.glb",
    "../../ReplicaCAD/objects/frl_apartment_clock.glb",
    "../../ReplicaCAD/objects/frl_apartment_stool_02.glb",
    "../../ReplicaCAD/objects/frl_apartment_chair_05.glb",
    "../../ReplicaCAD/objects/frl_apartment_cushion_03.glb",
    "../../ReplicaCAD/objects/frl_apartment_sofa.glb",
    "../../ReplicaCAD/objects/frl_apartment_table_04.glb",
    "../../ReplicaCAD/objects/frl_apartment_indoor_plant_02.glb",
    "../../ReplicaCAD/objects/frl_apartment_rug_01.glb",
    "../../ReplicaCAD/objects/frl_apartment_rug_02.glb",
    "../../ReplicaCAD/objects/frl_apartment_table_03.glb",
    "../../ReplicaCAD/objects/frl_apartment_cushion_01.glb",
    "../../ReplicaCAD/objects/frl_apartment_chair_01.glb",
    "../../ReplicaCAD/objects/frl_apartment_towel.glb",
    "../../ReplicaCAD/objects/frl_apartment_lamp_01.glb",
    "../../ReplicaCAD/objects/frl_apartment_remote-control_01.glb",
    "../../ReplicaCAD/objects/frl_apartment_tv_object.glb",
    "../../ReplicaCAD/objects/frl_apartment_tv_screen.glb",
    "../../ReplicaCAD/objects/frl_apartment_wall_cabinet_02.glb",
    "../../ReplicaCAD/objects/frl_apartment_picture_04.glb",
    "../../ReplicaCAD/objects/frl_apartment_book_02.glb",
    "../../ReplicaCAD/objects/frl_apartment_book_03.glb",
    "../../ReplicaCAD/objects/frl_apartment_book_04.glb",
    "../../ReplicaCAD/objects/frl_apartment_book_06.glb",
    "../../ReplicaCAD/objects/frl_apartment_book_05.glb",
    "../../ReplicaCAD/objects/frl_apartment_book_01.glb",
    "../../ReplicaCAD/objects/frl_apartment_table_02.glb",
    "../../ReplicaCAD/objects/frl_apartment_bowl_07.glb",
    "../../ReplicaCAD/objects/frl_apartment_kitchen_utensil_05.glb",
    "../../ReplicaCAD/objects/frl_apartment_pan_01.glb",
    "../../ReplicaCAD/objects/frl_apartment_kitchen_utensil_01.glb",
    "../../ReplicaCAD/objects/frl_apartment_choppingboard_02.glb",
    "../../ReplicaCAD/objects/frl_apartment_chair_04.glb",
    "../../ReplicaCAD/objects/frl_apartment_mat.glb",
    "../../ReplicaCAD/objects/frl_apartment_indoor_plant_01.glb",
    "../../ReplicaCAD/objects/frl_apartment_table_01.glb",
    "../../ReplicaCAD/objects/frl_apartment_monitor.glb",
    "../../ReplicaCAD/objects/frl_apartment_camera_02.glb",
    "../../ReplicaCAD/objects/frl_apartment_plate_01.glb",
    "../../ReplicaCAD/objects/frl_apartment_cup_03.glb",
    "../../ReplicaCAD/objects/frl_apartment_cup_01.glb",
    "../../ReplicaCAD/objects/frl_apartment_plate_02.glb",
    "../../ReplicaCAD/objects/frl_apartment_bowl_06.glb",
    "../../ReplicaCAD/objects/frl_apartment_cup_02.glb",
    "../../ReplicaCAD/objects/frl_apartment_sponge_dish.glb",
    "../../ReplicaCAD/objects/frl_apartment_kitchen_utensil_02.glb",
    "../../ReplicaCAD/objects/frl_apartment_small_appliance_01.glb",
    "../../ReplicaCAD/objects/frl_apartment_kitchen_utensil_04.glb",
    "../../ReplicaCAD/objects/frl_apartment_kitchen_utensil_03.glb",
    "../../ReplicaCAD/objects/frl_apartment_kitchen_utensil_06.glb",
    "../../ReplicaCAD/objects/frl_apartment_picture_03.glb",
    "../../ReplicaCAD/objects/frl_apartment_knifeblock.glb",
    "../../ReplicaCAD/objects/frl_apartment_kitchen_utensil_08.glb",
    "../../ReplicaCAD/objects/frl_apartment_kitchen_utensil_09.glb",
    "../../ReplicaCAD/objects/frl_apartment_small_appliance_02.glb",
    "../../ReplicaCAD/objects/frl_apartment_setupbox.glb",
    "../../ReplicaCAD/objects/frl_apartment_picture_02.glb",
    "../../ReplicaCAD/objects/frl_apartment_handbag.glb",
    "../../ReplicaCAD/objects/frl_apartment_rack_01.glb",
    "../../ReplicaCAD/objects/frl_apartment_umbrella.glb",
    "../../ReplicaCAD/objects/frl_apartment_shoe_01.glb",
    "../../ReplicaCAD/objects/frl_apartment_shoe_02.glb",
    "../../ReplicaCAD/objects/frl_apartment_shoe_03.glb",
    "../../ReplicaCAD/objects/frl_apartment_shoe_04.glb",
    "../../ReplicaCAD/objects/frl_apartment_cloth_02.glb",
    "../../ReplicaCAD/objects/frl_apartment_picture_01.glb",
    "../../ReplicaCAD/objects/frl_apartment_beanbag.glb",
    "../../ReplicaCAD/objects/frl_apartment_bike_02.glb",
    "../../ReplicaCAD/objects/frl_apartment_lamp_02.glb",
    "../../ReplicaCAD/objects/frl_apartment_cloth_01.glb",
    "../../ReplicaCAD/objects/frl_apartment_cloth_03.glb",
    "../../ReplicaCAD/objects/frl_apartment_shoebox_01.glb",
    "../../ReplicaCAD/objects/frl_apartment_monitor_stand.glb",
    "../../ReplicaCAD/objects/frl_apartment_box.glb",
    "../../ReplicaCAD/objects/frl_apartment_tvstand.glb",
    "../../ReplicaCAD/urdf/fridge/body.glb",
    "../../ReplicaCAD/urdf/fridge/top_door.glb",
    "../../ReplicaCAD/urdf/fridge/bottom_door.glb",
    "../../ReplicaCAD/urdf/kitchen_counter/kitchen_counter.glb",
    "../../ReplicaCAD/urdf/kitchen_counter/drawer1.glb",
    "../../ReplicaCAD/urdf/kitchen_counter/drawer2.glb",
    "../../ReplicaCAD/urdf/kitchen_counter/drawer3.glb",
    "../../ReplicaCAD/urdf/kitchen_counter/drawer4.glb",
    "../../ReplicaCAD/urdf/kitchenCupboard_01/kitchencupboard_base.glb",
    "../../ReplicaCAD/urdf/kitchenCupboard_01/kitchencupboard_doorWhole_L.glb",
    "../../ReplicaCAD/urdf/kitchenCupboard_01/kitchencupboard_doorWhole_R.glb",
    "../../ReplicaCAD/urdf/kitchenCupboard_01/kitchencupboard_doorWindow_L.glb",
    "../../ReplicaCAD/urdf/kitchenCupboard_01/kitchencupboard_doorWindow_R.glb",
    "../../ReplicaCAD/urdf/chestOfDrawers_01/chestOfDrawers_base.glb",
    "../../ReplicaCAD/urdf/chestOfDrawers_01/chestOfDrawers_DrawerTop.glb",
    "../../ReplicaCAD/urdf/chestOfDrawers_01/chestOfDrawers_DrawerMid.glb",
    "../../ReplicaCAD/urdf/chestOfDrawers_01/chestOfDrawers_DrawerBot.glb",
    "../../ReplicaCAD/urdf/cabinet/cabinet.glb",
    "../../ReplicaCAD/urdf/cabinet/door.glb",
    "../../ReplicaCAD/urdf/door2/door2.glb"
  ],
  "instances": [
    {
      "node_name": "replicacad_stage_000000",
      "kind": "stage",
      "instance_id": 0,
      "template_name": "frl_apartment_stage",
      "model_index": 0,
      "source_path": "../../ReplicaCAD/stages/frl_apartment_stage.glb",
      "motion_type": "STATIC",
      "semantic_id": -1,
      "translation_origin": "UNKNOWN",
      "asset_matrix_row_major": [
        [
          1.0,
          0.0,
          0.0,
          0.0
        ],
        [
          0.0,
          1.0,
          0.0,
          0.0
        ],
        [
          0.0,
          0.0,
          1.0,
          0.0
        ],
        [
          0.0,
          0.0,
          0.0,
          1.0
        ]
      ]
    },
    {
      "node_name": "replicacad_object_000001",
      "kind": "object",
      "instance_id": 1,
      "template_name": "frl_apartment_basket",
      "model_index": 1,
      "source_path": "../../ReplicaCAD/objects/frl_apartment_basket.glb",
      "motion_type": "DYNAMIC",
      "semantic_id": 3,
      "translation_origin": "UNKNOWN",
      "asset_matrix_row_major": [
        [
          0.9392492529507724,
          -8.786452667569015e-07,
          0.3432358384997753,
          -1.9956579525706273
        ],
        [
          5.159542936536447e-07,
          0.999999999999208,
          1.1480024452211577e-06,
          1.0839370509764081
        ],
        [
          -0.34323583850051215,
          -9.011664344498644e-07,
          0.9392492529504819,
          0.057981376432922185
        ],
        [
          0.0,
          0.0,
          0.0,
          1.0
        ]
      ]
    },
    {
      "node_name": "replicacad_object_000002",
      "kind": "object",
      "instance_id": 2,
      "template_name": "frl_apartment_bike_01",
      "model_index": 2,
      "source_path": "../../ReplicaCAD/objects/frl_apartment_bike_01.glb",
      "motion_type": "DYNAMIC",
      "semantic_id": 9,
      "translation_origin": "UNKNOWN",
      "asset_matrix_row_major": [
        [
          -0.9415188266702526,
          0.14612383433843906,
          0.30362826624625017,
          4.107420409715755
        ],
        [
          0.15372303146383803,
          0.9881133180752845,
          0.0011402805880663183,
          0.4545634772665478
        ],
        [
          -0.29985251145027825,
          0.04774825316683396,
          -0.9527898906351164,
          -0.9759617637063622
        ],
        [
          0.0,
          0.0,
          0.0,
          1.0
        ]
      ]
    },
    {
      "node_name": "replicacad_object_000003",
      "kind": "object",
      "instance_id": 3,
      "template_name": "frl_apartment_bin_01",
      "model_index": 3,
      "source_path": "../../ReplicaCAD/objects/frl_apartment_bin_01.glb",
      "motion_type": "DYNAMIC",
      "semantic_id": 10,
      "translation_origin": "UNKNOWN",
      "asset_matrix_row_major": [
        [
          -0.006038515129673794,
          0.030648297847461377,
          -0.999511990010166,
          -2.283838131332137
        ],
        [
          -0.0395229107032953,
          0.9987419017575543,
          0.030863460649173776,
          0.3135578462463949
        ],
        [
          0.99920041826681,
          0.0396899926021289,
          -0.004819608145369081,
          -0.7448115889960697
        ],
        [
          0.0,
          0.0,
          0.0,
          1.0
        ]
      ]
    },
    {
      "node_name": "replicacad_object_000004",
      "kind": "object",
      "instance_id": 4,
      "template_name": "frl_apartment_bin_02",
      "model_index": 4,
      "source_path": "../../ReplicaCAD/objects/frl_apartment_bin_02.glb",
      "motion_type": "DYNAMIC",
      "semantic_id": 10,
      "translation_origin": "UNKNOWN",
      "asset_matrix_row_major": [
        [
          0.010724112943261588,
          0.00012920980444113876,
          -0.9999424866993134,
          -2.2172783992605987
        ],
        [
          2.1321960852719277e-05,
          0.9999999913945655,
          0.0001294459073069782,
          0.4316010993063046
        ],
        [
          0.9999424948200542,
          -2.2708927086376513e-05,
          0.010724110095969519,
          -0.4654735649683427
        ],
        [
          0.0,
          0.0,
          0.0,
          1.0
        ]
      ]
    },
    {
      "node_name": "replicacad_object_000005",
      "kind": "object",
      "instance_id": 5,
      "template_name": "frl_apartment_bin_03",
      "model_index": 5,
      "source_path": "../../ReplicaCAD/objects/frl_apartment_bin_03.glb",
      "motion_type": "DYNAMIC",
      "semantic_id": 10,
      "translation_origin": "UNKNOWN",
      "asset_matrix_row_major": [
        [
          1.0,
          0.0,
          0.0,
          4.188153043316561
        ],
        [
          0.0,
          1.0,
          0.0,
          0.34794042236171663
        ],
        [
          0.0,
          0.0,
          1.0,
          7.111236203790895
        ],
        [
          0.0,
          0.0,
          0.0,
          1.0
        ]
      ]
    },
    {
      "node_name": "replicacad_object_000006",
      "kind": "object",
      "instance_id": 6,
      "template_name": "frl_apartment_wall_cabinet_01",
      "model_index": 6,
      "source_path": "../../ReplicaCAD/objects/frl_apartment_wall_cabinet_01.glb",
      "motion_type": "DYNAMIC",
      "semantic_id": 94,
      "translation_origin": "UNKNOWN",
      "asset_matrix_row_major": [
        [
          -0.03757680373912131,
          -4.3602033888370975e-06,
          0.9992937425010429,
          4.164929883746648
        ],
        [
          -2.2462913438370803e-05,
          0.9999999997415184,
          3.5186039384449246e-06,
          1.052598610751887
        ],
        [
          -0.9992937422580856,
          -2.231483094767588e-05,
          -0.0375768038273514,
          3.9504594020091175
        ],
        [
          0.0,
          0.0,
          0.0,
          1.0
        ]
      ]
    },
    {
      "node_name": "replicacad_object_000007",
      "kind": "object",
      "instance_id": 7,
      "template_name": "frl_apartment_clock",
      "model_index": 7,
      "source_path": "../../ReplicaCAD/objects/frl_apartment_clock.glb",
      "motion_type": "DYNAMIC",
      "semantic_id": 22,
      "translation_origin": "UNKNOWN",
      "asset_matrix_row_major": [
        [
          -0.01538307924772031,
          -0.00073071010069087,
          0.999881406435587,
          4.174310779977897
        ],
        [
          -0.005654116191524705,
          0.9999838081167324,
          0.0006437969018375225,
          0.5726996842237058
        ],
        [
          -0.9998656869014715,
          -0.0056435420709715425,
          -0.015386961686508549,
          3.945805886231077
        ],
        [
          0.0,
          0.0,
          0.0,
          1.0
        ]
      ]
    },
    {
      "node_name": "replicacad_object_000008",
      "kind": "object",
      "instance_id": 8,
      "template_name": "frl_apartment_stool_02",
      "model_index": 8,
      "source_path": "../../ReplicaCAD/objects/frl_apartment_stool_02.glb",
      "motion_type": "DYNAMIC",
      "semantic_id": 78,
      "translation_origin": "UNKNOWN",
      "asset_matrix_row_major": [
        [
          0.06704696959010381,
          -1.081261544940247e-05,
          0.9977498202214176,
          4.026192399552099
        ],
        [
          5.698059319491712e-06,
          0.9999999999291219,
          1.0454101446397457e-05,
          0.29405463829261547
        ],
        [
          -0.9977498202637353,
          4.984321839865355e-06,
          0.06704696964696266,
          2.370249720036307
        ],
        [
          0.0,
          0.0,
          0.0,
          1.0
        ]
      ]
    },
    {
      "node_name": "replicacad_object_000009",
      "kind": "object",
      "instance_id": 9,
      "template_name": "frl_apartment_chair_05",
      "model_index": 9,
      "source_path": "../../ReplicaCAD/objects/frl_apartment_chair_05.glb",
      "motion_type": "DYNAMIC",
      "semantic_id": 20,
      "translation_origin": "UNKNOWN",
      "asset_matrix_row_major": [
        [
          0.0010731428982080349,
          -1.8707293396109822e-06,
          0.9999994241802446,
          4.0896974160083115
        ],
        [
          3.916690207339802e-06,
          0.9999999999905879,
          1.8665272460961492e-06,
          0.5851505185292629
        ],
        [
          -0.9999994241743242,
          3.914684901573745e-06,
          0.0010731429055249597,
          0.7366678872025914
        ],
        [
          0.0,
          0.0,
          0.0,
          1.0
        ]
      ]
    },
    {
      "node_name": "replicacad_object_000010",
      "kind": "object",
      "instance_id": 10,
      "template_name": "frl_apartment_chair_05",
      "model_index": 9,
      "source_path": "../../ReplicaCAD/objects/frl_apartment_chair_05.glb",
      "motion_type": "DYNAMIC",
      "semantic_id": 20,
      "translation_origin": "UNKNOWN",
      "asset_matrix_row_major": [
        [
          -0.001892729809759519,
          1.9296540651568354e-06,
          0.9999982087834679,
          4.133461584783093
        ],
        [
          -1.9246979517974737e-06,
          0.999999999996279,
          -1.9333004612975534e-06,
          0.5851506079213841
        ],
        [
          -0.9999982087834774,
          -1.9283537196610025e-06,
          -0.0018927298060384956,
          0.08737107748939381
        ],
        [
          0.0,
          0.0,
          0.0,
          1.0
        ]
      ]
    },
    {
      "node_name": "replicacad_object_000011",
      "kind": "object",
      "instance_id": 11,
      "template_name": "frl_apartment_cushion_03",
      "model_index": 10,
      "source_path": "../../ReplicaCAD/objects/frl_apartment_cushion_03.glb",
      "motion_type": "DYNAMIC",
      "semantic_id": 29,
      "translation_origin": "UNKNOWN",
      "asset_matrix_row_major": [
        [
          -0.2136375426977315,
          0.0532809997910298,
          0.9754589357893767,
          3.7939371987166415
        ],
        [
          -0.06062759516105783,
          -0.9973099598388278,
          0.04119634342102142,
          0.5235895790058842
        ],
        [
          0.9750298944417356,
          -0.05033864387867577,
          0.21629314801304733,
          4.760266177124348
        ],
        [
          0.0,
          0.0,
          0.0,
          1.0
        ]
      ]
    },
    {
      "node_name": "replicacad_object_000012",
      "kind": "object",
      "instance_id": 12,
      "template_name": "frl_apartment_sofa",
      "model_index": 11,
      "source_path": "../../ReplicaCAD/objects/frl_apartment_sofa.glb",
      "motion_type": "DYNAMIC",
      "semantic_id": 76,
      "translation_origin": "UNKNOWN",
      "asset_matrix_row_major": [
        [
          -2.9839969257983157e-05,
          -1.6323497676197407e-07,
          0.999999999554775,
          3.9079832792159843
        ],
        [
          9.798954615232955e-08,
          0.9999999999999819,
          1.6323790083969354e-07,
          0.4008761325929932
        ],
        [
          -0.9999999995547835,
          9.79944171226449e-08,
          -2.9839969241995945e-05,
          5.274956086467376
        ],
        [
          0.0,
          0.0,
          0.0,
          1.0
        ]
      ]
    },
    {
      "node_name": "replicacad_object_000013",
      "kind": "object",
      "instance_id": 13,
      "template_name": "frl_apartment_cushion_03",
      "model_index": 10,
      "source_path": "../../ReplicaCAD/objects/frl_apartment_cushion_03.glb",
      "motion_type": "DYNAMIC",
      "semantic_id": 29,
      "translation_origin": "UNKNOWN",
      "asset_matrix_row_major": [
        [
          0.9970842920974125,
          -0.07622621016612369,
          -0.003532610410418066,
          3.7301722800704185
        ],
        [
          0.07630801263120912,
          0.996039854345501,
          0.04562560425537717,
          0.5097065302983645
        ],
        [
          4.0753859725443974e-05,
          -0.045762139800308764,
          0.9989523636790795,
          5.289146874492183
        ],
        [
          0.0,
          0.0,
          0.0,
          1.0
        ]
      ]
    },
    {
      "node_name": "replicacad_object_000014",
      "kind": "object",
      "instance_id": 14,
      "template_name": "frl_apartment_cushion_03",
      "model_index": 10,
      "source_path": "../../ReplicaCAD/objects/frl_apartment_cushion_03.glb",
      "motion_type": "DYNAMIC",
      "semantic_id": 29,
      "translation_origin": "UNKNOWN",
      "asset_matrix_row_major": [
        [
          -0.9959181850714438,
          0.06366023506980939,
          0.06398705427552165,
          3.773915728528579
        ],
        [
          -0.06106735894929625,
          -0.9972624517716135,
          0.04169388393312023,
          0.5235825700203084
        ],
        [
          0.06646612908060578,
          0.03761617680370114,
          0.9970793734340877,
          5.837694250298792
        ],
        [
          0.0,
          0.0,
          0.0,
          1.0
        ]
      ]
    },
    {
      "node_name": "replicacad_object_000015",
      "kind": "object",
      "instance_id": 15,
      "template_name": "frl_apartment_table_04",
      "model_index": 12,
      "source_path": "../../ReplicaCAD/objects/frl_apartment_table_04.glb",
      "motion_type": "DYNAMIC",
      "semantic_id": 80,
      "translation_origin": "UNKNOWN",
      "asset_matrix_row_major": [
        [
          1.0,
          0.0,
          0.0,
          4.1999296153881005
        ],
        [
          0.0,
          1.0,
          0.0,
          0.4377844035625458
        ],
        [
          0.0,
          0.0,
          1.0,
          6.624393450696516
        ],
        [
          0.0,
          0.0,
          0.0,
          1.0
        ]
      ]
    },
    {
      "node_name": "replicacad_object_000016",
      "kind": "object",
      "instance_id": 16,
      "template_name": "frl_apartment_indoor_plant_02",
      "model_index": 13,
      "source_path": "../../ReplicaCAD/objects/frl_apartment_indoor_plant_02.glb",
      "motion_type": "DYNAMIC",
      "semantic_id": 44,
      "translation_origin": "UNKNOWN",
      "asset_matrix_row_major": [
        [
          -0.9999999935683217,
          1.95928476566307e-06,
          0.00011339981570525641,
          4.088084328551301
        ],
        [
          1.9584800648974243e-06,
          0.9999999999729038,
          -7.0962488242673295e-06,
          0.989412917817415
        ],
        [
          -0.00011339982960575592,
          -7.096026687348117e-06,
          -0.9999999935450627,
          7.591271953147692
        ],
        [
          0.0,
          0.0,
          0.0,
          1.0
        ]
      ]
    },
    {
      "node_name": "replicacad_object_000017",
      "kind": "object",
      "instance_id": 17,
      "template_name": "frl_apartment_indoor_plant_02",
      "model_index": 13,
      "source_path": "../../ReplicaCAD/objects/frl_apartment_indoor_plant_02.glb",
      "motion_type": "DYNAMIC",
      "semantic_id": 44,
      "translation_origin": "UNKNOWN",
      "asset_matrix_row_major": [
        [
          0.9999122629687237,
          0.0019355455811003583,
          -0.013104198871711542,
          0.698601750053826
        ],
        [
          -0.001935659517258226,
          0.9999981266014075,
          3.988554652019805e-06,
          0.9896594244183926
        ],
        [
          0.013104182042353153,
          2.1377062553997398e-05,
          0.9999141362917229,
          4.491301494246492
        ],
        [
          0.0,
          0.0,
          0.0,
          1.0
        ]
      ]
    },
    {
      "node_name": "replicacad_object_000018",
      "kind": "object",
      "instance_id": 18,
      "template_name": "frl_apartment_rug_01",
      "model_index": 14,
      "source_path": "../../ReplicaCAD/objects/frl_apartment_rug_01.glb",
      "motion_type": "STATIC",
      "semantic_id": 98,
      "translation_origin": "UNKNOWN",
      "asset_matrix_row_major": [
        [
          0.5843392455527439,
          1.3392131196177173e-07,
          0.8115094861471628,
          1.2956230274687652
        ],
        [
          -2.5230067009906295e-08,
          0.9999999999999889,
          -1.4686013617140156e-07,
          -0.0013210961847170799
        ],
        [
          -0.8115094861471734,
          6.534170245750247e-08,
          0.5843392455527407,
          2.31760215753231
        ],
        [
          0.0,
          0.0,
          0.0,
          1.0
        ]
      ]
    },
    {
      "node_name": "replicacad_object_000019",
      "kind": "object",
      "instance_id": 19,
      "template_name": "frl_apartment_rug_02",
      "model_index": 15,
      "source_path": "../../ReplicaCAD/objects/frl_apartment_rug_02.glb",
      "motion_type": "STATIC",
      "semantic_id": 98,
      "translation_origin": "UNKNOWN",
      "asset_matrix_row_major": [
        [
          1.0,
          0.0,
          0.0,
          2.477570047490146
        ],
        [
          0.0,
          0.999999999999984,
          -1.7881393432617045e-07,
          -0.0013582630361395715
        ],
        [
          0.0,
          1.7881393432617045e-07,
          0.999999999999984,
          5.639058509118264
        ],
        [
          0.0,
          0.0,
          0.0,
          1.0
        ]
      ]
    },
    {
      "node_name": "replicacad_object_000020",
      "kind": "object",
      "instance_id": 20,
      "template_name": "frl_apartment_table_03",
      "model_index": 16,
      "source_path": "../../ReplicaCAD/objects/frl_apartment_table_03.glb",
      "motion_type": "DYNAMIC",
      "semantic_id": 80,
      "translation_origin": "UNKNOWN",
      "asset_matrix_row_major": [
        [
          0.8049940810833234,
          7.0853405254406385e-06,
          -0.5932828409541386,
          1.98938657626566
        ],
        [
          -1.688620140143977e-06,
          0.9999999999519995,
          9.651402184289991e-06,
          0.328899428627999
        ],
        [
          0.5932828409940443,
          -6.767492278471107e-06,
          0.8049940810566477,
          5.8215795328128355
        ],
        [
          0.0,
          0.0,
          0.0,
          1.0
        ]
      ]
    },
    {
      "node_name": "replicacad_object_000021",
      "kind": "object",
      "instance_id": 21,
      "template_name": "frl_apartment_cushion_01",
      "model_index": 17,
      "source_path": "../../ReplicaCAD/objects/frl_apartment_cushion_01.glb",
      "motion_type": "DYNAMIC",
      "semantic_id": 29,
      "translation_origin": "UNKNOWN",
      "asset_matrix_row_major": [
        [
          0.717665286074613,
          0.4107198163371159,
          -0.5623751146978764,
          2.024985611883048
        ],
        [
          0.2930310328366688,
          -0.9106914836162017,
          -0.29115946741192633,
          0.5476084927498879
        ],
        [
          -0.6317351905332795,
          0.044161681771953204,
          -0.7739253161028872,
          7.447507726129283
        ],
        [
          0.0,
          0.0,
          0.0,
          1.0
        ]
      ]
    },
    {
      "node_name": "replicacad_object_000022",
      "kind": "object",
      "instance_id": 22,
      "template_name": "frl_apartment_chair_01",
      "model_index": 18,
      "source_path": "../../ReplicaCAD/objects/frl_apartment_chair_01.glb",
      "motion_type": "DYNAMIC",
      "semantic_id": 20,
      "translation_origin": "UNKNOWN",
      "asset_matrix_row_major": [
        [
          0.9992712250380873,
          -4.446070077875388e-05,
          -0.038170889878627205,
          1.9716448279676861
        ],
        [
          4.806526171252083e-05,
          0.9999999944723826,
          9.35145193524423e-05,
          0.3648954460872759
        ],
        [
          0.038170885509912066,
          -9.528106212397897e-05,
          0.9992712216515136,
          7.533762805288695
        ],
        [
          0.0,
          0.0,
          0.0,
          1.0
        ]
      ]
    },
    {
      "node_name": "replicacad_object_000023",
      "kind": "object",
      "instance_id": 23,
      "template_name": "frl_apartment_chair_01",
      "model_index": 18,
      "source_path": "../../ReplicaCAD/objects/frl_apartment_chair_01.glb",
      "motion_type": "DYNAMIC",
      "semantic_id": 20,
      "translation_origin": "UNKNOWN",
      "asset_matrix_row_major": [
        [
          1.0,
          0.0,
          0.0,
          1.1580844416585023
        ],
        [
          0.0,
          1.0,
          0.0,
          0.3648966937325895
        ],
        [
          0.0,
          0.0,
          1.0,
          7.578433390706778
        ],
        [
          0.0,
          0.0,
          0.0,
          1.0
        ]
      ]
    },
    {
      "node_name": "replicacad_object_000024",
      "kind": "object",
      "instance_id": 24,
      "template_name": "frl_apartment_towel",
      "model_index": 19,
      "source_path": "../../ReplicaCAD/objects/frl_apartment_towel.glb",
      "motion_type": "DYNAMIC",
      "semantic_id": 86,
      "translation_origin": "UNKNOWN",
      "asset_matrix_row_major": [
        [
          -0.9910356132901283,
          -0.11553474697704372,
          0.06708304876501646,
          1.1493457676737744
        ],
        [
          -0.116638994556863,
          0.9930922616473049,
          -0.012771249156015924,
          0.47306254148566707
        ],
        [
          -0.06514413357642555,
          -0.020481262099573804,
          -0.9976656552991012,
          7.42787559277667
        ],
        [
          0.0,
          0.0,
          0.0,
          1.0
        ]
      ]
    },
    {
      "node_name": "replicacad_object_000025",
      "kind": "object",
      "instance_id": 25,
      "template_name": "frl_apartment_lamp_01",
      "model_index": 20,
      "source_path": "../../ReplicaCAD/objects/frl_apartment_lamp_01.glb",
      "motion_type": "DYNAMIC",
      "semantic_id": 47,
      "translation_origin": "UNKNOWN",
      "asset_matrix_row_major": [
        [
          0.3426658852107163,
          1.1974000294293226e-05,
          0.9394573385574141,
          0.5354144371977808
        ],
        [
          -0.0006799972864190921,
          0.9999997411228834,
          0.00023528250387250138,
          0.7759982070792253
        ],
        [
          -0.9394570925361343,
          -0.0007194517283896083,
          0.3426658046446477,
          7.7025976869031645
        ],
        [
          0.0,
          0.0,
          0.0,
          1.0
        ]
      ]
    },
    {
      "node_name": "replicacad_object_000026",
      "kind": "object",
      "instance_id": 26,
      "template_name": "frl_apartment_stool_02",
      "model_index": 8,
      "source_path": "../../ReplicaCAD/objects/frl_apartment_stool_02.glb",
      "motion_type": "DYNAMIC",
      "semantic_id": 78,
      "translation_origin": "UNKNOWN",
      "asset_matrix_row_major": [
        [
          -0.0002835639225537978,
          1.4158213820031199e-05,
          -0.9999999596955226,
          0.5659859003180567
        ],
        [
          1.036574554259139e-05,
          0.9999999998460898,
          1.4155275036906814e-05,
          0.29405346729303083
        ],
        [
          0.9999999597420258,
          -1.0361731199491139e-05,
          -0.0002835640692706587,
          7.778309143315614
        ],
        [
          0.0,
          0.0,
          0.0,
          1.0
        ]
      ]
    },
    {
      "node_name": "replicacad_object_000027",
      "kind": "object",
      "instance_id": 27,
      "template_name": "frl_apartment_remote-control_01",
      "model_index": 21,
      "source_path": "../../ReplicaCAD/objects/frl_apartment_remote-control_01.glb",
      "motion_type": "DYNAMIC",
      "semantic_id": 68,
      "translation_origin": "UNKNOWN",
      "asset_matrix_row_major": [
        [
          0.9480544049613755,
          1.4240953122982939e-05,
          -0.31810822848604137,
          2.9747319273530493
        ],
        [
          3.302809840087878e-05,
          0.9999999892013223,
          0.0001432009079502615,
          0.6320663210434029
        ],
        [
          0.3181082270902106,
          -0.00014626876144928008,
          0.9480543942532899,
          7.612372864074937
        ],
        [
          0.0,
          0.0,
          0.0,
          1.0
        ]
      ]
    },
    {
      "node_name": "replicacad_object_000028",
      "kind": "object",
      "instance_id": 28,
      "template_name": "frl_apartment_remote-control_01",
      "model_index": 21,
      "source_path": "../../ReplicaCAD/objects/frl_apartment_remote-control_01.glb",
      "motion_type": "DYNAMIC",
      "semantic_id": 68,
      "translation_origin": "UNKNOWN",
      "asset_matrix_row_major": [
        [
          1.0,
          0.0,
          0.0,
          2.8196923746659297
        ],
        [
          0.0,
          0.9999988079070756,
          -0.0015440804473067994,
          0.6321219321975265
        ],
        [
          0.0,
          0.0015440804473067994,
          0.9999988079070756,
          7.662763583385308
        ],
        [
          0.0,
          0.0,
          0.0,
          1.0
        ]
      ]
    },
    {
      "node_name": "replicacad_object_000029",
      "kind": "object",
      "instance_id": 29,
      "template_name": "frl_apartment_tv_object",
      "model_index": 22,
      "source_path": "../../ReplicaCAD/objects/frl_apartment_tv_object.glb",
      "motion_type": "DYNAMIC",
      "semantic_id": 82,
      "translation_origin": "UNKNOWN",
      "asset_matrix_row_major": [
        [
          0.9752311511741207,
          -3.5133530438759645e-05,
          0.22118815643075102,
          3.581236342031576
        ],
        [
          -4.470992203397578e-05,
          0.9999999356436896,
          0.00035596859335660275,
          0.649152358975896
        ],
        [
          -0.22118815470233077,
          -0.0003570409663098499,
          0.9752310868410247,
          7.674884828187777
        ],
        [
          0.0,
          0.0,
          0.0,
          1.0
        ]
      ]
    },
    {
      "node_name": "replicacad_object_000030",
      "kind": "object",
      "instance_id": 30,
      "template_name": "frl_apartment_tv_screen",
      "model_index": 23,
      "source_path": "../../ReplicaCAD/objects/frl_apartment_tv_screen.glb",
      "motion_type": "STATIC",
      "semantic_id": 87,
      "translation_origin": "UNKNOWN",
      "asset_matrix_row_major": [
        [
          1.0,
          0.0,
          0.0,
          2.6130616384907626
        ],
        [
          0.0,
          0.999999999999984,
          -1.7881393432617045e-07,
          1.3601730293239112
        ],
        [
          0.0,
          1.7881393432617045e-07,
          0.999999999999984,
          7.848809196723387
        ],
        [
          0.0,
          0.0,
          0.0,
          1.0
        ]
      ]
    },
    {
      "node_name": "replicacad_object_000031",
      "kind": "object",
      "instance_id": 31,
      "template_name": "frl_apartment_wall_cabinet_02",
      "model_index": 24,
      "source_path": "../../ReplicaCAD/objects/frl_apartment_wall_cabinet_02.glb",
      "motion_type": "DYNAMIC",
      "semantic_id": 94,
      "translation_origin": "UNKNOWN",
      "asset_matrix_row_major": [
        [
          0.00023652038107058182,
          -0.0004423410872247893,
          0.9999998741962283,
          0.543024370367041
        ],
        [
          3.496628281648222e-05,
          0.9999999015595088,
          0.00044233282908911743,
          1.0820363630109093
        ],
        [
          -0.999999971417734,
          3.486165768829566e-05,
          0.00023653582481097946,
          5.410867965575855
        ],
        [
          0.0,
          0.0,
          0.0,
          1.0
        ]
      ]
    },
    {
      "node_name": "replicacad_object_000032",
      "kind": "object",
      "instance_id": 32,
      "template_name": "frl_apartment_picture_04",
      "model_index": 25,
      "source_path": "../../ReplicaCAD/objects/frl_apartment_picture_04.glb",
      "motion_type": "DYNAMIC",
      "semantic_id": 59,
      "translation_origin": "UNKNOWN",
      "asset_matrix_row_major": [
        [
          0.02849364311488456,
          0.009981152514569859,
          -0.9995441405443398,
          0.5990803711981928
        ],
        [
          -0.001330013260628136,
          0.9999496399999388,
          0.009947287505609817,
          1.2333409906568122
        ],
        [
          0.9995930888950607,
          0.0010459725013611245,
          0.02850548324021629,
          5.39041174288141
        ],
        [
          0.0,
          0.0,
          0.0,
          1.0
        ]
      ]
    },
    {
      "node_name": "replicacad_object_000033",
      "kind": "object",
      "instance_id": 33,
      "template_name": "frl_apartment_book_02",
      "model_index": 26,
      "source_path": "../../ReplicaCAD/objects/frl_apartment_book_02.glb",
      "motion_type": "DYNAMIC",
      "semantic_id": 13,
      "translation_origin": "UNKNOWN",
      "asset_matrix_row_major": [
        [
          1.0,
          0.0,
          0.0,
          0.5279294364154339
        ],
        [
          0.0,
          1.0,
          0.0,
          1.2356480422313325
        ],
        [
          0.0,
          0.0,
          1.0,
          5.217218704579864
        ],
        [
          0.0,
          0.0,
          0.0,
          1.0
        ]
      ]
    },
    {
      "node_name": "replicacad_object_000034",
      "kind": "object",
      "instance_id": 34,
      "template_name": "frl_apartment_book_03",
      "model_index": 27,
      "source_path": "../../ReplicaCAD/objects/frl_apartment_book_03.glb",
      "motion_type": "DYNAMIC",
      "semantic_id": 13,
      "translation_origin": "UNKNOWN",
      "asset_matrix_row_major": [
        [
          0.9999863867099185,
          0.00014879978091967614,
          0.005215769690723505,
          0.5523298374990443
        ],
        [
          -0.00012782786226544837,
          0.9999919076964607,
          -0.004020970234997924,
          1.2088190608414795
        ],
        [
          -0.005216325802622029,
          0.004020248775674072,
          0.9999783135372999,
          5.138131119853175
        ],
        [
          0.0,
          0.0,
          0.0,
          1.0
        ]
      ]
    },
    {
      "node_name": "replicacad_object_000035",
      "kind": "object",
      "instance_id": 35,
      "template_name": "frl_apartment_book_04",
      "model_index": 28,
      "source_path": "../../ReplicaCAD/objects/frl_apartment_book_04.glb",
      "motion_type": "DYNAMIC",
      "semantic_id": 13,
      "translation_origin": "UNKNOWN",
      "asset_matrix_row_major": [
        [
          0.9999901379707336,
          0.0031284657502857116,
          0.003152247344759496,
          0.4901069205333909
        ],
        [
          0.00012166078065890817,
          0.6902160246712639,
          -0.7236033613006864,
          1.184328469422195
        ],
        [
          -0.004439499963701261,
          0.7235966086080327,
          0.6902088371290429,
          5.742168417921027
        ],
        [
          0.0,
          0.0,
          0.0,
          1.0
        ]
      ]
    },
    {
      "node_name": "replicacad_object_000036",
      "kind": "object",
      "instance_id": 36,
      "template_name": "frl_apartment_book_06",
      "model_index": 29,
      "source_path": "../../ReplicaCAD/objects/frl_apartment_book_06.glb",
      "motion_type": "DYNAMIC",
      "semantic_id": 13,
      "translation_origin": "UNKNOWN",
      "asset_matrix_row_major": [
        [
          0.9999783463569581,
          -0.006577321023777165,
          0.00021369453336501053,
          0.5814781167140576
        ],
        [
          0.00021457108479187035,
          0.00013256339092948544,
          -0.999999968193098,
          1.4479360203725353
        ],
        [
          0.006577292486500994,
          0.9999783604034127,
          0.00013397182335628255,
          5.390846063112845
        ],
        [
          0.0,
          0.0,
          0.0,
          1.0
        ]
      ]
    },
    {
      "node_name": "replicacad_object_000037",
      "kind": "object",
      "instance_id": 37,
      "template_name": "frl_apartment_book_05",
      "model_index": 30,
      "source_path": "../../ReplicaCAD/objects/frl_apartment_book_05.glb",
      "motion_type": "DYNAMIC",
      "semantic_id": 13,
      "translation_origin": "UNKNOWN",
      "asset_matrix_row_major": [
        [
          0.9999843757764332,
          0.004500326951448324,
          -0.0033159101838372575,
          0.5770455012707786
        ],
        [
          0.0007565588677866217,
          0.4787702757212582,
          0.8779398901430951,
          1.4593083199361199
        ],
        [
          0.005538575782345243,
          -0.8779286816952278,
          0.47875939054517014,
          5.599870757938208
        ],
        [
          0.0,
          0.0,
          0.0,
          1.0
        ]
      ]
    },
    {
      "node_name": "replicacad_object_000038",
